((0, 0), 0)
((1, 0), 1)
((2, 0), 0)
((3, 0), 2)
((4, 0), 0)
((5, 0), 1)
((6, 0), 0)
((7, 0), 5)
((8, 0), 2)
((9, 0), 1)
((10, 0), 0)
((11, 0), 0)
((12, 0), 2)
((13, 0), 0)
((14, 0), 2)
((15, 0), 0)
((16, 0), 1)
((17, 0), 0)
((18, 0), 0)
((19, 0), 0)
((20, 0), 0)
((21, 0), 1)
((22, 0), 0)
((23, 0), 1)
((24, 0), 2)
((25, 0), 2)
((26, 0), 0)
((27, 0), 1)
((28, 0), 0)
((29, 0), 5)
((30, 0), 0)
((31, 0), 0)
((32, 0), 1)
((33, 0), 3)
((34, 0), 0)
((35, 0), 0)
((36, 0), 1)
((37, 0), 1)
((38, 0), 0)
((39, 0), 0)
((40, 0), 0)
((41, 0), 0)
((42, 0), 0)
((43, 0), 2)
((44, 0), 0)
((45, 0), 1)
((46, 0), 0)
((47, 0), 2)
((48, 0), 6)
((49, 0), 0)
((50, 0), 3)
((51, 0), 5)
((52, 0), 2)
((53, 0), 0)
((54, 0), 0)
((55, 0), 0)
((56, 0), 0)
((57, 0), 0)
((58, 0), 1)
((59, 0), 2)
((60, 0), 0)
((61, 0), 1)
((62, 0), 0)
((63, 0), 0)
((64, 0), 1)
((65, 0), 3)
((66, 0), 0)
((67, 0), 0)
((68, 0), 1)
((69, 0), 1)
((70, 0), 0)
((71, 0), 1)
((72, 0), 0)
((73, 0), 2)
((74, 0), 3)
((75, 0), 2)
((76, 0), 6)
((77, 0), 0)
((78, 0), 1)
((79, 0), 1)
((80, 0), 1)
((81, 0), 0)
((82, 0), 0)
((83, 0), 0)
((84, 0), 1)
((85, 0), 0)
((86, 0), 0)
((87, 0), 5)
((88, 0), 0)
((89, 0), 1)
((90, 0), 1)
((91, 0), 0)
((92, 0), 1)
((93, 0), 0)
((94, 0), 0)
((95, 0), 0)
((96, 0), 4)
((97, 0), 0)
((98, 0), 3)
((99, 0), 1)
((0, 70), 0)
((1, 70), 0)
((2, 70), 1)
((3, 70), 0)
((4, 70), 1)
((5, 70), 0)
((6, 70), 2)
((7, 70), 0)
((8, 70), 0)
((9, 70), 0)
((10, 70), 6)
((11, 70), 0)
((12, 70), 1)
((13, 70), 0)
((14, 70), 0)
((15, 70), 1)
((16, 70), 0)
((17, 70), 0)
((18, 70), 0)
((19, 70), 1)
((20, 70), 0)
((21, 70), 4)
((22, 70), 0)
((23, 70), 0)
((24, 70), 0)
((25, 70), 0)
((26, 70), 1)
((27, 70), 0)
((28, 70), 0)
((29, 70), 0)
((30, 70), 4)
((31, 70), 0)
((32, 70), 0)
((33, 70), 1)
((34, 70), 1)
((35, 70), 0)
((36, 70), 0)
((37, 70), 0)
((38, 70), 4)
((39, 70), 2)
((40, 70), 1)
((41, 70), 1)
((42, 70), 1)
((43, 70), 0)
((44, 70), 1)
((45, 70), 1)
((46, 70), 0)
((47, 70), 1)
((48, 70), 0)
((49, 70), 1)
((50, 70), 2)
((51, 70), 1)
((52, 70), 1)
((53, 70), 0)
((54, 70), 0)
((55, 70), 0)
((56, 70), 1)
((57, 70), 1)
((58, 70), 3)
((59, 70), 0)
((60, 70), 1)
((61, 70), 4)
((62, 70), 1)
((63, 70), 0)
((64, 70), 0)
((65, 70), 1)
((66, 70), 0)
((67, 70), 2)
((68, 70), 2)
((69, 70), 3)
((70, 70), 3)
((71, 70), 0)
((72, 70), 0)
((73, 70), 0)
((74, 70), 1)
((75, 70), 0)
((76, 70), 0)
((77, 70), 0)
((78, 70), 0)
((79, 70), 0)
((80, 70), 1)
((81, 70), 2)
((82, 70), 0)
((83, 70), 0)
((84, 70), 1)
((85, 70), 3)
((86, 70), 0)
((87, 70), 0)
((88, 70), 0)
((89, 70), 0)
((90, 70), 0)
((91, 70), 0)
((92, 70), 3)
((93, 70), 1)
((94, 70), 0)
((95, 70), 2)
((96, 70), 0)
((97, 70), 0)
((98, 70), 1)
((99, 70), 0)
((0, 40), 0)
((1, 40), 0)
((2, 40), 0)
((3, 40), 1)
((4, 40), 0)
((5, 40), 0)
((6, 40), 0)
((7, 40), 3)
((8, 40), 0)
((9, 40), 1)
((10, 40), 0)
((11, 40), 1)
((12, 40), 5)
((13, 40), 1)
((14, 40), 0)
((15, 40), 2)
((16, 40), 0)
((17, 40), 1)
((18, 40), 1)
((19, 40), 0)
((20, 40), 0)
((21, 40), 1)
((22, 40), 2)
((23, 40), 0)
((24, 40), 0)
((25, 40), 4)
((26, 40), 0)
((27, 40), 0)
((28, 40), 0)
((29, 40), 1)
((30, 40), 1)
((31, 40), 0)
((32, 40), 0)
((33, 40), 0)
((34, 40), 1)
((35, 40), 3)
((36, 40), 1)
((37, 40), 2)
((38, 40), 1)
((39, 40), 0)
((40, 40), 0)
((41, 40), 0)
((42, 40), 1)
((43, 40), 3)
((44, 40), 2)
((45, 40), 4)
((46, 40), 0)
((47, 40), 0)
((48, 40), 1)
((49, 40), 1)
((50, 40), 1)
((51, 40), 0)
((52, 40), 0)
((53, 40), 1)
((54, 40), 0)
((55, 40), 0)
((56, 40), 1)
((57, 40), 1)
((58, 40), 0)
((59, 40), 0)
((60, 40), 0)
((61, 40), 0)
((62, 40), 0)
((63, 40), 0)
((64, 40), 0)
((65, 40), 0)
((66, 40), 2)
((67, 40), 0)
((68, 40), 0)
((69, 40), 0)
((70, 40), 1)
((71, 40), 0)
((72, 40), 0)
((73, 40), 0)
((74, 40), 1)
((75, 40), 0)
((76, 40), 1)
((77, 40), 0)
((78, 40), 1)
((79, 40), 1)
((80, 40), 1)
((81, 40), 0)
((82, 40), 0)
((83, 40), 0)
((84, 40), 1)
((85, 40), 2)
((86, 40), 0)
((87, 40), 7)
((88, 40), 0)
((89, 40), 5)
((90, 40), 1)
((91, 40), 0)
((92, 40), 0)
((93, 40), 0)
((94, 40), 1)
((95, 40), 1)
((96, 40), 0)
((97, 40), 3)
((98, 40), 0)
((99, 40), 0)
((0, 10), 0)
((1, 10), 0)
((2, 10), 0)
((3, 10), 0)
((4, 10), 0)
((5, 10), 0)
((6, 10), 1)
((7, 10), 0)
((8, 10), 0)
((9, 10), 0)
((10, 10), 0)
((11, 10), 1)
((12, 10), 0)
((13, 10), 3)
((14, 10), 0)
((15, 10), 0)
((16, 10), 3)
((17, 10), 0)
((18, 10), 1)
((19, 10), 0)
((20, 10), 0)
((21, 10), 0)
((22, 10), 0)
((23, 10), 0)
((24, 10), 0)
((25, 10), 0)
((26, 10), 2)
((27, 10), 2)
((28, 10), 1)
((29, 10), 0)
((30, 10), 2)
((31, 10), 1)
((32, 10), 1)
((33, 10), 0)
((34, 10), 1)
((35, 10), 0)
((36, 10), 1)
((37, 10), 3)
((38, 10), 0)
((39, 10), 0)
((40, 10), 0)
((41, 10), 0)
((42, 10), 0)
((43, 10), 1)
((44, 10), 1)
((45, 10), 1)
((46, 10), 1)
((47, 10), 0)
((48, 10), 0)
((49, 10), 1)
((50, 10), 1)
((51, 10), 0)
((52, 10), 0)
((53, 10), 0)
((54, 10), 0)
((55, 10), 2)
((56, 10), 0)
((57, 10), 0)
((58, 10), 1)
((59, 10), 0)
((60, 10), 1)
((61, 10), 0)
((62, 10), 0)
((63, 10), 2)
((64, 10), 1)
((65, 10), 0)
((66, 10), 0)
((67, 10), 0)
((68, 10), 0)
((69, 10), 0)
((70, 10), 3)
((71, 10), 0)
((72, 10), 0)
((73, 10), 0)
((74, 10), 0)
((75, 10), 0)
((76, 10), 2)
((77, 10), 0)
((78, 10), 0)
((79, 10), 1)
((80, 10), 4)
((81, 10), 0)
((82, 10), 2)
((83, 10), 1)
((84, 10), 2)
((85, 10), 0)
((86, 10), 0)
((87, 10), 0)
((88, 10), 0)
((89, 10), 0)
((90, 10), 0)
((91, 10), 2)
((92, 10), 1)
((93, 10), 3)
((94, 10), 2)
((95, 10), 0)
((96, 10), 0)
((97, 10), 1)
((98, 10), 3)
((99, 10), 2)
((0, 80), 0)
((1, 80), 0)
((2, 80), 0)
((3, 80), 1)
((4, 80), 1)
((5, 80), 0)
((6, 80), 0)
((7, 80), 2)
((8, 80), 0)
((9, 80), 0)
((10, 80), 1)
((11, 80), 1)
((12, 80), 1)
((13, 80), 0)
((14, 80), 4)
((15, 80), 2)
((16, 80), 0)
((17, 80), 1)
((18, 80), 1)
((19, 80), 1)
((20, 80), 0)
((21, 80), 2)
((22, 80), 0)
((23, 80), 3)
((24, 80), 2)
((25, 80), 0)
((26, 80), 0)
((27, 80), 0)
((28, 80), 0)
((29, 80), 0)
((30, 80), 3)
((31, 80), 5)
((32, 80), 0)
((33, 80), 1)
((34, 80), 0)
((35, 80), 3)
((36, 80), 0)
((37, 80), 0)
((38, 80), 0)
((39, 80), 0)
((40, 80), 0)
((41, 80), 0)
((42, 80), 0)
((43, 80), 2)
((44, 80), 1)
((45, 80), 1)
((46, 80), 1)
((47, 80), 0)
((48, 80), 0)
((49, 80), 0)
((50, 80), 1)
((51, 80), 1)
((52, 80), 0)
((53, 80), 0)
((54, 80), 0)
((55, 80), 1)
((56, 80), 0)
((57, 80), 1)
((58, 80), 0)
((59, 80), 0)
((60, 80), 2)
((61, 80), 0)
((62, 80), 1)
((63, 80), 0)
((64, 80), 1)
((65, 80), 1)
((66, 80), 2)
((67, 80), 0)
((68, 80), 1)
((69, 80), 0)
((70, 80), 0)
((71, 80), 7)
((72, 80), 0)
((73, 80), 0)
((74, 80), 3)
((75, 80), 0)
((76, 80), 0)
((77, 80), 0)
((78, 80), 2)
((79, 80), 0)
((80, 80), 1)
((81, 80), 1)
((82, 80), 0)
((83, 80), 0)
((84, 80), 2)
((85, 80), 1)
((86, 80), 2)
((87, 80), 2)
((88, 80), 0)
((89, 80), 2)
((90, 80), 0)
((91, 80), 0)
((92, 80), 3)
((93, 80), 0)
((94, 80), 0)
((95, 80), 0)
((96, 80), 1)
((97, 80), 1)
((98, 80), 2)
((99, 80), 0)
((0, 50), 2)
((1, 50), 0)
((2, 50), 4)
((3, 50), 1)
((4, 50), 1)
((5, 50), 2)
((6, 50), 9)
((7, 50), 3)
((8, 50), 0)
((9, 50), 0)
((10, 50), 0)
((11, 50), 4)
((12, 50), 0)
((13, 50), 4)
((14, 50), 0)
((15, 50), 0)
((16, 50), 0)
((17, 50), 0)
((18, 50), 0)
((19, 50), 1)
((20, 50), 0)
((21, 50), 0)
((22, 50), 0)
((23, 50), 6)
((24, 50), 0)
((25, 50), 0)
((26, 50), 0)
((27, 50), 4)
((28, 50), 4)
((29, 50), 1)
((30, 50), 0)
((31, 50), 1)
((32, 50), 1)
((33, 50), 0)
((34, 50), 0)
((35, 50), 1)
((36, 50), 0)
((37, 50), 0)
((38, 50), 0)
((39, 50), 0)
((40, 50), 0)
((41, 50), 0)
((42, 50), 0)
((43, 50), 1)
((44, 50), 0)
((45, 50), 1)
((46, 50), 1)
((47, 50), 2)
((48, 50), 0)
((49, 50), 1)
((50, 50), 0)
((51, 50), 0)
((52, 50), 0)
((53, 50), 0)
((54, 50), 4)
((55, 50), 4)
((56, 50), 0)
((57, 50), 0)
((58, 50), 1)
((59, 50), 3)
((60, 50), 7)
((61, 50), 1)
((62, 50), 0)
((63, 50), 0)
((64, 50), 2)
((65, 50), 0)
((66, 50), 0)
((67, 50), 1)
((68, 50), 0)
((69, 50), 1)
((70, 50), 1)
((71, 50), 0)
((72, 50), 1)
((73, 50), 1)
((74, 50), 1)
((75, 50), 0)
((76, 50), 1)
((77, 50), 1)
((78, 50), 1)
((79, 50), 1)
((80, 50), 2)
((81, 50), 1)
((82, 50), 2)
((83, 50), 1)
((84, 50), 1)
((85, 50), 1)
((86, 50), 1)
((87, 50), 2)
((88, 50), 0)
((89, 50), 1)
((90, 50), 0)
((91, 50), 0)
((92, 50), 0)
((93, 50), 0)
((94, 50), 1)
((95, 50), 0)
((96, 50), 0)
((97, 50), 0)
((98, 50), 0)
((99, 50), 3)
((0, 20), 0)
((1, 20), 0)
((2, 20), 0)
((3, 20), 1)
((4, 20), 1)
((5, 20), 0)
((6, 20), 0)
((7, 20), 0)
((8, 20), 0)
((9, 20), 3)
((10, 20), 1)
((11, 20), 0)
((12, 20), 0)
((13, 20), 1)
((14, 20), 0)
((15, 20), 0)
((16, 20), 0)
((17, 20), 1)
((18, 20), 1)
((19, 20), 6)
((20, 20), 1)
((21, 20), 3)
((22, 20), 2)
((23, 20), 0)
((24, 20), 1)
((25, 20), 0)
((26, 20), 2)
((27, 20), 0)
((28, 20), 0)
((29, 20), 0)
((30, 20), 0)
((31, 20), 0)
((32, 20), 0)
((33, 20), 0)
((34, 20), 1)
((35, 20), 0)
((36, 20), 3)
((37, 20), 2)
((38, 20), 0)
((39, 20), 2)
((40, 20), 2)
((41, 20), 3)
((42, 20), 5)
((43, 20), 2)
((44, 20), 1)
((45, 20), 2)
((46, 20), 0)
((47, 20), 1)
((48, 20), 0)
((49, 20), 0)
((50, 20), 2)
((51, 20), 0)
((52, 20), 1)
((53, 20), 0)
((54, 20), 0)
((55, 20), 0)
((56, 20), 0)
((57, 20), 0)
((58, 20), 0)
((59, 20), 1)
((60, 20), 0)
((61, 20), 0)
((62, 20), 4)
((63, 20), 1)
((64, 20), 0)
((65, 20), 0)
((66, 20), 0)
((67, 20), 1)
((68, 20), 4)
((69, 20), 0)
((70, 20), 1)
((71, 20), 1)
((72, 20), 1)
((73, 20), 2)
((74, 20), 1)
((75, 20), 0)
((76, 20), 2)
((77, 20), 1)
((78, 20), 1)
((79, 20), 2)
((80, 20), 1)
((81, 20), 0)
((82, 20), 0)
((83, 20), 2)
((84, 20), 1)
((85, 20), 0)
((86, 20), 1)
((87, 20), 2)
((88, 20), 0)
((89, 20), 0)
((90, 20), 0)
((91, 20), 4)
((92, 20), 2)
((93, 20), 1)
((94, 20), 0)
((95, 20), 2)
((96, 20), 1)
((97, 20), 0)
((98, 20), 0)
((99, 20), 0)
((0, 90), 0)
((1, 90), 0)
((2, 90), 0)
((3, 90), 0)
((4, 90), 0)
((5, 90), 0)
((6, 90), 1)
((7, 90), 1)
((8, 90), 0)
((9, 90), 1)
((10, 90), 1)
((11, 90), 0)
((12, 90), 0)
((13, 90), 3)
((14, 90), 2)
((15, 90), 0)
((16, 90), 0)
((17, 90), 0)
((18, 90), 0)
((19, 90), 0)
((20, 90), 1)
((21, 90), 0)
((22, 90), 2)
((23, 90), 0)
((24, 90), 1)
((25, 90), 0)
((26, 90), 0)
((27, 90), 0)
((28, 90), 0)
((29, 90), 4)
((30, 90), 3)
((31, 90), 0)
((32, 90), 1)
((33, 90), 0)
((34, 90), 2)
((35, 90), 1)
((36, 90), 2)
((37, 90), 1)
((38, 90), 0)
((39, 90), 1)
((40, 90), 0)
((41, 90), 0)
((42, 90), 1)
((43, 90), 0)
((44, 90), 0)
((45, 90), 0)
((46, 90), 1)
((47, 90), 0)
((48, 90), 0)
((49, 90), 0)
((50, 90), 0)
((51, 90), 0)
((52, 90), 2)
((53, 90), 0)
((54, 90), 1)
((55, 90), 0)
((56, 90), 0)
((57, 90), 1)
((58, 90), 2)
((59, 90), 2)
((60, 90), 2)
((61, 90), 0)
((62, 90), 3)
((63, 90), 0)
((64, 90), 0)
((65, 90), 0)
((66, 90), 0)
((67, 90), 1)
((68, 90), 0)
((69, 90), 0)
((70, 90), 0)
((71, 90), 2)
((72, 90), 1)
((73, 90), 0)
((74, 90), 0)
((75, 90), 2)
((76, 90), 2)
((77, 90), 0)
((78, 90), 1)
((79, 90), 3)
((80, 90), 0)
((81, 90), 1)
((82, 90), 0)
((83, 90), 0)
((84, 90), 0)
((85, 90), 2)
((86, 90), 0)
((87, 90), 1)
((88, 90), 0)
((89, 90), 0)
((90, 90), 0)
((91, 90), 0)
((92, 90), 1)
((93, 90), 3)
((94, 90), 0)
((95, 90), 1)
((96, 90), 2)
((97, 90), 1)
((98, 90), 0)
((99, 90), 0)
((0, 60), 0)
((1, 60), 1)
((2, 60), 1)
((3, 60), 3)
((4, 60), 0)
((5, 60), 0)
((6, 60), 1)
((7, 60), 2)
((8, 60), 0)
((9, 60), 0)
((10, 60), 0)
((11, 60), 1)
((12, 60), 0)
((13, 60), 2)
((14, 60), 1)
((15, 60), 4)
((16, 60), 0)
((17, 60), 0)
((18, 60), 1)
((19, 60), 0)
((20, 60), 1)
((21, 60), 1)
((22, 60), 3)
((23, 60), 3)
((24, 60), 0)
((25, 60), 1)
((26, 60), 2)
((27, 60), 2)
((28, 60), 0)
((29, 60), 0)
((30, 60), 0)
((31, 60), 0)
((32, 60), 2)
((33, 60), 1)
((34, 60), 1)
((35, 60), 1)
((36, 60), 2)
((37, 60), 0)
((38, 60), 0)
((39, 60), 1)
((40, 60), 0)
((41, 60), 0)
((42, 60), 0)
((43, 60), 3)
((44, 60), 3)
((45, 60), 0)
((46, 60), 0)
((47, 60), 0)
((48, 60), 0)
((49, 60), 0)
((50, 60), 2)
((51, 60), 0)
((52, 60), 0)
((53, 60), 0)
((54, 60), 0)
((55, 60), 0)
((56, 60), 0)
((57, 60), 0)
((58, 60), 0)
((59, 60), 1)
((60, 60), 1)
((61, 60), 0)
((62, 60), 1)
((63, 60), 1)
((64, 60), 1)
((65, 60), 0)
((66, 60), 1)
((67, 60), 3)
((68, 60), 1)
((69, 60), 0)
((70, 60), 4)
((71, 60), 0)
((72, 60), 1)
((73, 60), 0)
((74, 60), 0)
((75, 60), 0)
((76, 60), 0)
((77, 60), 0)
((78, 60), 0)
((79, 60), 2)
((80, 60), 0)
((81, 60), 0)
((82, 60), 0)
((83, 60), 1)
((84, 60), 0)
((85, 60), 1)
((86, 60), 0)
((87, 60), 6)
((88, 60), 4)
((89, 60), 0)
((90, 60), 0)
((91, 60), 1)
((92, 60), 0)
((93, 60), 1)
((94, 60), 0)
((95, 60), 1)
((96, 60), 0)
((97, 60), 1)
((98, 60), 0)
((99, 60), 0)
((0, 30), 1)
((1, 30), 0)
((2, 30), 3)
((3, 30), 1)
((4, 30), 0)
((5, 30), 2)
((6, 30), 0)
((7, 30), 3)
((8, 30), 7)
((9, 30), 1)
((10, 30), 2)
((11, 30), 0)
((12, 30), 1)
((13, 30), 0)
((14, 30), 1)
((15, 30), 2)
((16, 30), 0)
((17, 30), 4)
((18, 30), 0)
((19, 30), 0)
((20, 30), 2)
((21, 30), 4)
((22, 30), 6)
((23, 30), 0)
((24, 30), 0)
((25, 30), 0)
((26, 30), 1)
((27, 30), 0)
((28, 30), 0)
((29, 30), 0)
((30, 30), 0)
((31, 30), 0)
((32, 30), 1)
((33, 30), 1)
((34, 30), 2)
((35, 30), 2)
((36, 30), 0)
((37, 30), 1)
((38, 30), 0)
((39, 30), 0)
((40, 30), 2)
((41, 30), 2)
((42, 30), 1)
((43, 30), 2)
((44, 30), 1)
((45, 30), 2)
((46, 30), 1)
((47, 30), 0)
((48, 30), 0)
((49, 30), 0)
((50, 30), 0)
((51, 30), 0)
((52, 30), 2)
((53, 30), 0)
((54, 30), 0)
((55, 30), 0)
((56, 30), 0)
((57, 30), 1)
((58, 30), 0)
((59, 30), 0)
((60, 30), 1)
((61, 30), 1)
((62, 30), 0)
((63, 30), 0)
((64, 30), 0)
((65, 30), 0)
((66, 30), 6)
((67, 30), 2)
((68, 30), 0)
((69, 30), 0)
((70, 30), 0)
((71, 30), 2)
((72, 30), 1)
((73, 30), 0)
((74, 30), 0)
((75, 30), 0)
((76, 30), 0)
((77, 30), 0)
((78, 30), 2)
((79, 30), 0)
((80, 30), 1)
((81, 30), 0)
((82, 30), 2)
((83, 30), 2)
((84, 30), 3)
((85, 30), 3)
((86, 30), 1)
((87, 30), 4)
((88, 30), 1)
((89, 30), 0)
((90, 30), 1)
((91, 30), 0)
((92, 30), 2)
((93, 30), 2)
((94, 30), 3)
((95, 30), 1)
((96, 30), 0)
((97, 30), 1)
((98, 30), 0)
((99, 30), 0)